0 0 0 0.0
1 0 0 667.04
0 1 0 166.7145
0 0 1 74.08330000000001
2 0 0 550.82
1 1 0 125.08590000000004
1 0 1 54.801000000000045
0 2 0 100000000000000.0
0 1 1 100000000000000.0
0 0 2 100000000000000.0
2 1 0 97.76
2 0 1 41.99882
1 2 0 100000000000000.0
1 1 1 100000000000000.0
1 0 2 100000000000000.0
0 3 0 100000000000000.0
0 2 1 100000000000000.0
0 1 2 100000000000000.0
0 0 3 100000000000000.0
2 2 0 75.02
2 1 1 29.4927
2 0 2 100000000000000.0
1 3 0 100000000000000.0
1 2 1 100000000000000.0
1 1 2 100000000000000.0
1 0 3 100000000000000.0
0 4 0 100000000000000.0
0 3 1 100000000000000.0
0 2 2 100000000000000.0
0 1 3 100000000000000.0
0 0 4 100000000000000.0
2 3 0 47.18
2 2 1 16.66883
2 1 2 100000000000000.0
2 0 3 100000000000000.0
1 4 0 100000000000000.0
1 3 1 100000000000000.0
1 2 2 100000000000000.0
1 1 3 100000000000000.0
1 0 4 100000000000000.0
0 5 0 100000000000000.0
0 4 1 100000000000000.0
0 3 2 100000000000000.0
0 2 3 100000000000000.0
0 1 4 100000000000000.0
0 0 5 100000000000000.0
2 4 0 29.6013
2 3 1 9.26961
2 2 2 100000000000000.0
2 1 3 100000000000000.0
2 0 4 100000000000000.0
1 5 0 100000000000000.0
1 4 1 100000000000000.0
1 3 2 100000000000000.0
1 2 3 100000000000000.0
1 1 4 100000000000000.0
1 0 5 100000000000000.0
0 6 0 100000000000000.0
0 5 1 100000000000000.0
0 4 2 100000000000000.0
0 3 3 100000000000000.0
0 2 4 100000000000000.0
0 1 5 100000000000000.0
0 0 6 100000000000000.0
2 5 0 14.5341
2 4 1 4.328990000000001
2 3 2 100000000000000.0
2 2 3 100000000000000.0
2 1 4 100000000000000.0
2 0 5 100000000000000.0
1 6 0 100000000000000.0
1 5 1 100000000000000.0
1 3 3 100000000000000.0
1 2 4 100000000000000.0
1 4 2 100000000000000.0
1 1 5 100000000000000.0
1 0 6 100000000000000.0
0 7 0 100000000000000.0
0 6 1 100000000000000.0
0 5 2 100000000000000.0
0 4 3 100000000000000.0
0 3 4 100000000000000.0
0 2 5 100000000000000.0
0 1 6 100000000000000.0
0 0 7 100000000000000.0
