0 0 0 0.0
1 0 0 3494.19
0 1 0 872.2860000000001
0 0 1 387.35199999999986
2 0 0 3222.48
1 1 0 772.7150000000001
1 0 1 341.21100000000024
0 2 0 100000000000000.0
0 1 1 100000000000000.0
0 0 2 100000000000000.0
2 1 0 706.85
2 0 1 310.13210000000004
1 2 0 100000000000000.0
1 1 1 100000000000000.0
1 0 2 100000000000000.0
0 3 0 100000000000000.0
0 2 1 100000000000000.0
0 1 2 100000000000000.0
0 0 3 100000000000000.0
2 2 0 646.84
2 1 1 275.43980000000005
2 0 2 100000000000000.0
1 3 0 100000000000000.0
1 2 1 100000000000000.0
1 1 2 100000000000000.0
1 0 3 100000000000000.0
0 4 0 100000000000000.0
0 3 1 100000000000000.0
0 2 2 100000000000000.0
0 1 3 100000000000000.0
0 0 4 100000000000000.0
2 3 0 565.07
2 2 1 233.01880000000006
2 1 2 100000000000000.0
2 0 3 100000000000000.0
1 4 0 100000000000000.0
1 3 1 100000000000000.0
1 2 2 100000000000000.0
1 1 3 100000000000000.0
1 0 4 100000000000000.0
0 5 0 100000000000000.0
0 4 1 100000000000000.0
0 3 2 100000000000000.0
0 2 3 100000000000000.0
0 1 4 100000000000000.0
0 0 5 100000000000000.0
2 4 0 499.73
2 3 1 199.08930000000004
2 2 2 100000000000000.0
2 1 3 100000000000000.0
2 0 4 100000000000000.0
1 5 0 100000000000000.0
1 4 1 100000000000000.0
1 3 2 100000000000000.0
1 2 3 100000000000000.0
1 1 4 100000000000000.0
1 0 5 100000000000000.0
0 6 0 100000000000000.0
0 5 1 100000000000000.0
0 4 2 100000000000000.0
0 3 3 100000000000000.0
0 2 4 100000000000000.0
0 1 5 100000000000000.0
0 0 6 100000000000000.0
2 5 0 442.19
2 4 1 169.75849999999997
2 3 2 100000000000000.0
2 2 3 100000000000000.0
2 1 4 100000000000000.0
2 0 5 100000000000000.0
1 6 0 100000000000000.0
1 5 1 100000000000000.0
1 4 2 100000000000000.0
1 3 3 100000000000000.0
1 2 4 100000000000000.0
1 1 5 100000000000000.0
1 0 6 100000000000000.0
0 7 0 100000000000000.0
0 6 1 100000000000000.0
0 5 2 100000000000000.0
0 4 3 100000000000000.0
0 3 4 100000000000000.0
0 2 5 100000000000000.0
0 1 6 100000000000000.0
0 0 7 100000000000000.0
2 6 0 381.83
2 5 1 140.87419999999997
2 4 2 100000000000000.0
2 3 3 100000000000000.0
2 2 4 100000000000000.0
2 1 5 100000000000000.0
2 0 6 100000000000000.0
1 7 0 100000000000000.0
1 6 1 100000000000000.0
1 5 2 100000000000000.0
1 4 3 100000000000000.0
1 3 4 100000000000000.0
1 2 5 100000000000000.0
1 1 6 100000000000000.0
1 0 7 100000000000000.0
0 8 0 100000000000000.0
0 7 1 100000000000000.0
0 6 2 100000000000000.0
0 5 3 100000000000000.0
0 4 4 100000000000000.0
0 3 5 100000000000000.0
0 2 6 100000000000000.0
0 1 7 100000000000000.0
0 0 8 100000000000000.0
2 7 0 333.75
2 6 1 118.01759999999999
2 5 2 100000000000000.0
2 4 3 100000000000000.0
2 3 4 100000000000000.0
2 2 5 100000000000000.0
2 1 6 100000000000000.0
2 0 7 100000000000000.0
1 8 0 100000000000000.0
1 7 1 100000000000000.0
1 6 2 100000000000000.0
1 5 3 100000000000000.0
1 4 4 100000000000000.0
1 3 5 100000000000000.0
1 2 6 100000000000000.0
1 1 7 100000000000000.0
1 0 8 100000000000000.0
0 8 1 100000000000000.0
0 7 2 100000000000000.0
0 6 3 100000000000000.0
0 5 4 100000000000000.0
0 4 5 100000000000000.0
0 3 6 100000000000000.0
0 2 7 100000000000000.0
0 1 8 100000000000000.0
0 0 9 100000000000000.0
2 8 0 279.37
2 7 1 94.453
2 6 2 100000000000000.0
2 5 3 100000000000000.0
2 4 4 100000000000000.0
2 3 5 100000000000000.0
2 2 6 100000000000000.0
2 1 7 100000000000000.0
2 0 8 100000000000000.0
1 8 1 100000000000000.0
1 7 2 100000000000000.0
1 6 3 100000000000000.0
1 5 4 100000000000000.0
1 4 5 100000000000000.0
1 3 6 100000000000000.0
1 2 7 100000000000000.0
1 1 8 100000000000000.0
1 0 9 100000000000000.0
0 8 2 100000000000000.0
0 7 3 100000000000000.0
0 6 4 100000000000000.0
0 5 5 100000000000000.0
0 4 6 100000000000000.0
0 3 7 100000000000000.0
0 2 8 100000000000000.0
0 1 9 100000000000000.0
0 0 10 100000000000000.0
2 8 1 87.57
2 7 2 100000000000000.0
2 6 3 100000000000000.0
2 5 4 100000000000000.0
2 4 5 100000000000000.0
2 3 6 100000000000000.0
2 2 7 100000000000000.0
2 1 8 100000000000000.0
2 0 9 100000000000000.0
1 8 2 100000000000000.0
1 7 3 100000000000000.0
1 6 4 100000000000000.0
1 5 5 100000000000000.0
1 4 6 100000000000000.0
1 3 7 100000000000000.0
1 2 8 100000000000000.0
1 1 9 100000000000000.0
1 0 10 100000000000000.0
0 8 3 100000000000000.0
0 7 4 100000000000000.0
0 6 5 100000000000000.0
0 5 6 100000000000000.0
0 4 7 100000000000000.0
0 3 8 100000000000000.0
0 2 9 100000000000000.0
0 1 10 100000000000000.0
0 0 11 100000000000000.0
2 8 2 70.8
2 7 3 100000000000000.0
2 6 4 100000000000000.0
2 5 5 100000000000000.0
2 4 6 100000000000000.0
2 3 7 100000000000000.0
2 2 8 100000000000000.0
2 1 9 100000000000000.0
2 0 10 100000000000000.0
1 8 3 100000000000000.0
1 7 4 100000000000000.0
1 6 5 100000000000000.0
1 5 6 100000000000000.0
1 4 7 100000000000000.0
1 3 8 100000000000000.0
1 2 9 100000000000000.0
1 1 10 100000000000000.0
1 0 11 100000000000000.0
0 8 4 100000000000000.0
0 7 5 100000000000000.0
0 6 6 100000000000000.0
0 5 7 100000000000000.0
0 4 8 100000000000000.0
0 3 9 100000000000000.0
0 2 10 100000000000000.0
0 1 11 100000000000000.0
0 0 12 100000000000000.0
2 8 3 46.55
2 7 4 100000000000000.0
2 6 5 100000000000000.0
2 5 6 100000000000000.0
2 4 7 100000000000000.0
2 3 8 100000000000000.0
2 2 9 100000000000000.0
2 1 10 100000000000000.0
2 0 11 100000000000000.0
1 8 4 100000000000000.0
1 7 5 100000000000000.0
1 6 6 100000000000000.0
1 5 7 100000000000000.0
1 4 8 100000000000000.0
1 3 9 100000000000000.0
1 2 10 100000000000000.0
1 1 11 100000000000000.0
1 0 12 100000000000000.0
0 8 5 100000000000000.0
0 7 6 100000000000000.0
0 6 7 100000000000000.0
0 5 8 100000000000000.0
0 4 9 100000000000000.0
0 3 10 100000000000000.0
0 2 11 100000000000000.0
0 1 12 100000000000000.0
0 0 13 100000000000000.0
2 8 4 32.79
2 7 5 100000000000000.0
2 6 6 100000000000000.0
2 5 7 100000000000000.0
2 4 8 100000000000000.0
2 3 9 100000000000000.0
2 2 10 100000000000000.0
2 1 11 100000000000000.0
2 0 12 100000000000000.0
1 8 5 100000000000000.0
1 7 6 100000000000000.0
1 6 7 100000000000000.0
1 5 8 100000000000000.0
1 4 9 100000000000000.0
1 3 10 100000000000000.0
1 2 11 100000000000000.0
1 1 12 100000000000000.0
1 0 13 100000000000000.0
0 8 6 100000000000000.0
0 7 7 100000000000000.0
0 6 8 100000000000000.0
0 5 9 100000000000000.0
0 4 10 100000000000000.0
0 3 11 100000000000000.0
0 2 12 100000000000000.0
0 1 13 100000000000000.0
0 0 14 100000000000000.0
2 8 5 23.3379
2 7 6 100000000000000.0
2 6 7 100000000000000.0
2 5 8 100000000000000.0
2 4 9 100000000000000.0
2 3 10 100000000000000.0
2 2 11 100000000000000.0
2 1 12 100000000000000.0
2 0 13 100000000000000.0
1 8 6 100000000000000.0
1 7 7 100000000000000.0
1 6 8 100000000000000.0
1 5 9 100000000000000.0
1 4 10 100000000000000.0
1 3 11 100000000000000.0
1 2 12 100000000000000.0
1 1 13 100000000000000.0
1 0 14 100000000000000.0
0 8 7 100000000000000.0
0 7 8 100000000000000.0
0 6 9 100000000000000.0
0 5 10 100000000000000.0
0 4 11 100000000000000.0
0 3 12 100000000000000.0
0 2 13 100000000000000.0
0 1 14 100000000000000.0
0 0 15 100000000000000.0
2 8 6 10.36
2 7 7 100000000000000.0
2 6 8 100000000000000.0
2 5 9 100000000000000.0
2 4 10 100000000000000.0
2 3 11 100000000000000.0
2 2 12 100000000000000.0
2 1 13 100000000000000.0
2 0 14 100000000000000.0
1 8 7 100000000000000.0
1 7 8 100000000000000.0
1 6 9 100000000000000.0
1 5 10 100000000000000.0
1 4 11 100000000000000.0
1 3 12 100000000000000.0
1 2 13 100000000000000.0
1 1 14 100000000000000.0
1 0 15 100000000000000.0
0 8 8 100000000000000.0
0 7 9 100000000000000.0
0 6 10 100000000000000.0
0 5 11 100000000000000.0
0 4 12 100000000000000.0
0 3 13 100000000000000.0
0 2 14 100000000000000.0
0 1 15 100000000000000.0
0 0 16 100000000000000.0
