0 0 0 0.0
1 0 0 871.41
0 1 0 217.7749
0 0 1 96.76819999999998
2 0 0 738.08
1 1 0 169.74490000000003
1 0 1 74.51370000000009
0 2 0 100000000000000.0
0 1 1 100000000000000.0
0 0 2 100000000000000.0
2 1 0 137.98
2 0 1 59.606449999999995
1 2 0 100000000000000.0
1 1 1 100000000000000.0
1 0 2 100000000000000.0
0 3 0 100000000000000.0
0 2 1 100000000000000.0
0 1 2 100000000000000.0
0 0 3 100000000000000.0
2 2 0 111.09
2 1 1 44.61649
2 0 2 100000000000000.0
1 3 0 100000000000000.0
1 2 1 100000000000000.0
1 1 2 100000000000000.0
1 0 3 100000000000000.0
0 4 0 100000000000000.0
0 3 1 100000000000000.0
0 2 2 100000000000000.0
0 1 3 100000000000000.0
0 0 4 100000000000000.0
2 3 0 77.22
2 2 1 28.472409999999996
2 1 2 100000000000000.0
2 0 3 100000000000000.0
1 4 0 100000000000000.0
1 3 1 100000000000000.0
1 2 2 100000000000000.0
1 1 3 100000000000000.0
1 0 4 100000000000000.0
0 5 0 100000000000000.0
0 4 1 100000000000000.0
0 3 2 100000000000000.0
0 2 3 100000000000000.0
0 1 4 100000000000000.0
0 0 5 100000000000000.0
2 4 0 52.24
2 3 1 17.4568
2 2 2 100000000000000.0
2 1 3 100000000000000.0
2 0 4 100000000000000.0
1 5 0 100000000000000.0
1 4 1 100000000000000.0
1 3 2 100000000000000.0
1 2 3 100000000000000.0
1 1 4 100000000000000.0
1 0 5 100000000000000.0
0 6 0 100000000000000.0
0 5 1 100000000000000.0
0 4 2 100000000000000.0
0 3 3 100000000000000.0
0 2 4 100000000000000.0
0 1 5 100000000000000.0
0 0 6 100000000000000.0
2 5 0 35.1211
2 4 1 10.624219999999998
2 3 2 100000000000000.0
2 2 3 100000000000000.0
2 1 4 100000000000000.0
2 0 5 100000000000000.0
1 6 0 100000000000000.0
1 5 1 100000000000000.0
1 3 3 100000000000000.0
1 4 2 100000000000000.0
1 2 4 100000000000000.0
1 1 5 100000000000000.0
1 0 6 100000000000000.0
0 7 0 100000000000000.0
0 6 1 100000000000000.0
0 5 2 100000000000000.0
0 4 3 100000000000000.0
0 3 4 100000000000000.0
0 2 5 100000000000000.0
0 1 6 100000000000000.0
0 0 7 100000000000000.0
2 6 0 13.6181
2 5 1 4.186393000000001
2 4 2 100000000000000.0
2 3 3 100000000000000.0
2 2 4 100000000000000.0
2 1 5 100000000000000.0
2 0 6 100000000000000.0
1 7 0 100000000000000.0
1 6 1 100000000000000.0
1 5 2 100000000000000.0
1 3 4 100000000000000.0
1 4 3 100000000000000.0
1 2 5 100000000000000.0
1 1 6 100000000000000.0
1 0 7 100000000000000.0
0 8 0 100000000000000.0
0 7 1 100000000000000.0
0 6 2 100000000000000.0
0 5 3 100000000000000.0
0 4 4 100000000000000.0
0 3 5 100000000000000.0
0 2 6 100000000000000.0
0 1 7 100000000000000.0
0 0 8 100000000000000.0
