1 0 0 ;0 0 0 5.999444173919482e-21 2 ;0 1 0 4.903126534799968e-19 1 ;0 0 1 9.318532169694317e-20 1 ;
0 1 0 ;0 0 0 1.9473390799473655e-22 2 ;1 0 0 1.2575224978837631 0 ;0 0 1 7.547893250471743e-19 1 ;
0 0 1 ;0 0 0 2.5735696371958376e-23 2 ;1 0 0 0.14919267387511376 0 ;0 1 0 0.11796569808499913 0 ;
2 0 0 ;1 0 0 1.2060657460010332e-20 2 ;1 1 0 9.806253069599936e-19 1 ;1 0 1 1.8637064339388633e-19 1 ;
1 1 0 ;1 0 0 1.0727149690028268e-22 2 ;0 1 0 6.012344529741244e-21 2 ;2 0 0 0.45525591819878763 0 ;1 0 1 7.206417936349416e-19 1 ;0 2 0 3.436464967757701e-19 1 ;0 1 1 7.850162401432572e-20 1 ;
1 0 1 ;1 0 0 1.370650737620787e-23 2 ;0 0 1 6.005535610839233e-21 2 ;2 0 0 0.052199607868078535 0 ;1 1 0 0.06484249417691061 0 ;0 1 1 3.7410195741432094e-19 1 ;0 0 2 6.712241213903986e-20 1 ;
0 2 0 ;0 1 0 3.15410261857735e-22 2 ;1 1 0 1.9398773360410013 0 ;1 0 0 198555000000000.0 0 ;0 1 1 1.0404677189225678e-18 1 ;
0 1 1 ;0 1 0 1.4565534377344153e-23 2 ;0 0 1 1.1102903971842053e-22 2 ;1 1 0 0.11584414895008278 0 ;1 0 1 0.9543515152540654 0 ;0 2 0 0.05084064626023403 0 ;1 0 0 20149400000000.0 0 ;0 0 2 3.293918521166928e-19 1 ;
0 0 2 ;0 0 1 4.1484473482089674e-23 2 ;1 0 1 0.22413423901224 0 ;0 1 1 0.10170538140949961 0 ;1 0 0 1863580000000.0 0 ;0 1 0 386501000000000.0 0 ;
2 1 0 ;2 0 0 5.302757424939487e-23 2 ;1 1 0 1.0064984548035844e-20 2 ;2 0 1 6.757019647250393e-19 1 ;1 2 0 8.580471435899944e-19 1 ;1 1 1 1.8637064339388633e-19 1 ;
2 0 1 ;2 0 0 6.4768046730100406e-24 2 ;1 0 1 1.0060952652562395e-20 2 ;2 1 0 0.0382676767082052 0 ;1 1 1 9.80540485933923e-19 1 ;1 0 2 1.3403724837816817e-19 1 ;
1 2 0 ;1 1 0 1.677002841983318e-22 2 ;0 2 0 5.020819601468449e-21 2 ;2 1 0 0.8764031102925444 0 ;2 0 0 53243600000000.0 0 ;1 1 1 9.331396691981682e-19 1 ;0 3 0 1.8377888981950865e-19 1 ;0 2 1 5.156929893919935e-20 1 ;
1 1 1 ;1 1 0 6.9816899154748e-24 2 ;1 0 1 5.334455895682235e-23 2 ;0 1 1 5.01662773580969e-21 2 ;2 1 0 0.047940552555019056 0 ;2 0 1 0.4421764862742407 0 ;1 2 0 0.02473018617305559 0 ;2 0 0 5435810000000.0 0 ;1 0 2 5.058290109018734e-20 1 ;0 2 1 2.0626235207723505e-19 1 ;0 1 2 4.4211781769463715e-20 1 ;
1 0 2 ;0 0 2 5.022585681897079e-21 2 ;2 0 1 0.09361491042841508 0 ;1 1 1 0.027471880072346456 0 ;2 0 0 508327000000.0 0 ;1 1 0 364733000000000.0 0 ;0 1 2 3.106899939379447e-19 1 ;0 0 3 4.945631293419762e-20 1 ;
0 3 0 ;0 2 0 3.7887677334733764e-22 2 ;1 2 0 1.7593098063266184 0 ;1 1 0 364119000000000.0 0 ;0 2 1 1.0247581580524195e-18 1 ;
0 2 1 ;0 2 0 7.503855310344442e-24 2 ;0 1 1 1.147716977576333e-22 2 ;1 2 0 0.07032847642715576 0 ;1 1 1 1.1578269960748897 0 ;0 3 0 0.019083611514972097 0 ;1 1 0 25282500000000.0 0 ;1 0 1 112147000000000.0 0 ;0 1 2 3.903734575821867e-19 1 ;
0 1 2 ;0 1 1 2.2733827916841237e-23 2 ;0 0 2 8.68243944788196e-23 2 ;1 1 1 0.13619216624018302 0 ;1 0 2 0.6347256834271708 0 ;0 2 1 0.037661127737897794 0 ;1 1 0 1224590000000.0 0 ;1 0 1 22797600000000.0 0 ;0 2 0 124613000000000.0 0 ;0 0 3 1.2043054211268532e-19 1 ;
0 0 3 ;0 0 2 4.963951198573752e-23 2 ;1 0 2 0.21639581000441876 0 ;0 1 2 0.05608477503274943 0 ;1 0 1 3172080000000.0 0 ;0 1 1 422200000000000.0 0 ;
2 2 0 ;2 1 0 1.0546593729621054e-22 2 ;1 2 0 1.0070659241980346e-20 2 ;2 1 1 1.5095786500943486e-18 1 ;1 3 0 7.35468980219995e-19 1 ;1 2 1 1.7561957833944508e-19 1 ;
2 1 1 ;2 1 0 2.815262755788962e-24 2 ;2 0 1 5.286937413058366e-23 2 ;1 1 1 1.0068881689073915e-20 2 ;2 2 0 0.024934076951698192 0 ;2 0 2 4.894161423572234e-19 1 ;1 2 1 8.580471435899944e-19 1 ;1 1 2 1.0270294766394195e-19 1 ;
2 0 2 ;2 0 1 9.502225545736969e-24 2 ;1 0 2 1.0051975373196436e-20 2 ;2 1 1 0.05812840395987879 0 ;2 1 0 235246000000000.0 0 ;1 1 2 6.536979768785726e-19 1 ;1 0 3 8.879536236986998e-20 1 ;
1 3 0 ;1 2 0 1.9306170998678766e-22 2 ;0 3 0 5.026522360026837e-21 2 ;2 2 0 1.276659864185795 0 ;2 1 0 73882800000000.0 0 ;1 2 1 1.9844468084106675e-18 1 ;0 4 0 1.586789345214673e-19 1 ;0 3 1 3.9036285495392787e-20 1 ;
1 2 1 ;1 2 0 3.0876553261782046e-24 2 ;1 1 1 1.0595117641991999e-22 2 ;0 2 1 5.023528303438208e-21 2 ;2 2 0 0.04169643711203502 0 ;2 1 1 0.8492278694343425 0 ;1 3 0 0.01835836400182571 0 ;2 1 0 5236690000000.0 0 ;2 0 1 23377800000000.0 0 ;1 1 2 5.908126106057176e-20 1 ;0 3 1 1.8508419116514977e-19 1 ;0 2 2 3.3575578521159657e-20 1 ;
1 1 2 ;1 0 2 5.289901678782425e-23 2 ;0 1 2 5.031038179713217e-21 2 ;2 1 1 0.07107892080948139 0 ;2 0 2 0.3862779292225002 0 ;1 2 1 0.015490031186898841 0 ;2 1 0 262524000000.0 0 ;2 0 1 4250870000000.0 0 ;1 2 0 111989000000000.0 0 ;1 0 3 4.064010973000996e-19 1 ;0 2 2 3.28364575245394e-19 1 ;0 1 3 4.244597293644794e-20 1 ;
1 0 3 ;1 0 2 2.433367234740585e-23 2 ;0 0 3 5.025635565846432e-21 2 ;2 0 2 0.09629941163024326 0 ;1 1 2 0.06492676783094867 0 ;2 0 1 463138000000.0 0 ;1 1 1 34441800000000.0 0 ;0 1 3 3.203395637232755e-19 1 ;0 0 4 3.250212131344468e-20 1 ;
0 4 0 ;0 3 0 3.983288399472204e-22 2 ;1 3 0 2.373667610582198 0 ;1 2 0 410521000000000.0 0 ;0 3 1 1.9805238359549047e-18 1 ;
0 3 1 ;0 3 0 3.372648920834328e-24 2 ;0 2 1 1.5920237939805604e-22 2 ;1 3 0 0.049413695563240385 0 ;1 2 1 1.763477706656647 0 ;0 4 0 0.013875198141003593 0 ;1 2 0 21992800000000.0 0 ;1 1 1 156709000000000.0 0 ;0 2 2 7.269444670999057e-19 1 ;
0 2 2 ;0 2 1 1.1145934094820481e-23 2 ;0 1 2 1.0643789933177562e-22 2 ;1 2 1 0.09579404738160004 0 ;1 1 2 1.3519391479763432 0 ;0 3 1 0.026747186889868498 0 ;1 2 0 744274000000.0 0 ;1 1 1 21745100000000.0 0 ;1 0 2 92292000000000.0 0 ;0 3 0 102937000000000.0 0 ;0 1 3 2.686175869371491e-19 1 ;
0 1 3 ;0 1 2 2.611088195152511e-23 2 ;0 0 3 6.66865136158687e-23 2 ;1 1 2 0.15854125718125228 0 ;1 0 3 0.6412312084448739 0 ;0 2 2 0.03923465802099297 0 ;1 1 1 1577740000000.0 0 ;1 0 2 27451600000000.0 0 ;0 2 1 94410100000000.0 0 ;0 0 4 8.095354070266768e-20 1 ;
0 0 4 ;0 0 3 5.1956226666722966e-23 2 ;1 0 3 0.1975965266365592 0 ;0 1 3 0.051599947021648225 0 ;1 0 2 4857200000000.0 0 ;0 1 2 299543000000000.0 0 ;
2 3 0 ;2 2 0 1.170579692871862e-22 2 ;1 3 0 1.0072700878685474e-20 2 ;2 2 1 2.2643679751415225e-18 1 ;1 4 0 5.030263828321258e-19 1 ;1 3 1 9.356972587481563e-20 1 ;
2 2 1 ;2 2 0 9.8307121981784e-25 2 ;2 1 1 7.841135524313685e-23 2 ;1 2 1 1.0072131484691737e-20 2 ;2 3 0 0.009598840995328503 0 ;2 1 2 9.299164702074875e-19 1 ;1 3 1 5.948899102061365e-19 1 ;1 2 2 7.099661250481187e-20 1 ;
2 1 2 ;2 1 1 3.840391456489211e-24 2 ;2 0 2 3.937331192234016e-23 2 ;1 1 2 1.0055170461224713e-20 2 ;2 2 1 0.025331069473033208 0 ;2 2 0 160359000000000.0 0 ;2 0 3 1.6709859942877515e-19 1 ;1 2 2 7.575259812077558e-19 1 ;1 1 3 5.827958455722449e-20 1 ;
2 0 3 ;2 0 2 1.0184265240607816e-23 2 ;1 0 3 1.0057935757505049e-20 2 ;2 1 2 0.03736508206507844 0 ;2 1 1 318750000000000.0 0 ;1 1 3 5.725984733268752e-19 1 ;1 0 4 5.221982908636815e-20 1 ;
1 4 0 ;1 3 0 1.9334106525494992e-22 2 ;0 4 0 5.031800951257731e-21 2 ;2 3 0 1.369401485026459 0 ;2 2 0 136293000000000.0 0 ;1 3 1 3.0191573001886972e-18 1 ;0 5 0 1.1303297056952747e-19 1 ;0 4 1 2.6670086736191617e-20 1 ;
1 3 1 ;1 3 0 1.1052284569408973e-24 2 ;1 2 1 1.1767451647771567e-22 2 ;0 3 1 5.029313990126671e-21 2 ;2 3 0 0.020623279770060628 0 ;2 2 1 1.022070195081113 0 ;1 4 0 0.009074553252339712 0 ;2 2 0 6553860000000.0 0 ;2 1 1 51491600000000.0 0 ;1 2 2 3.0751509580933203e-19 1 ;0 4 1 1.3881432144366887e-19 1 ;0 3 2 2.3027612701365082e-20 1 ;
1 2 2 ;1 2 1 4.143024932568144e-24 2 ;1 1 2 7.958170743026508e-23 2 ;0 2 2 5.029651772092511e-21 2 ;2 2 1 0.03834378298139464 0 ;2 1 2 0.8320693728980353 0 ;1 3 1 0.012077897856534955 0 ;2 2 0 181451000000.0 0 ;2 1 1 5614640000000.0 0 ;2 0 2 11784000000000.0 0 ;1 3 0 204988000000000.0 0 ;1 1 3 4.167457282712861e-20 1 ;0 3 2 1.8438323963026126e-19 1 ;0 2 3 2.2106126498693162e-20 1 ;
1 1 3 ;1 1 2 1.1100338721157612e-23 2 ;1 0 3 3.928583581708033e-23 2 ;0 1 3 5.0339189474602415e-21 2 ;2 1 2 0.0651759291601957 0 ;2 0 3 0.3367930049679593 0 ;1 2 2 0.01268151645824734 0 ;2 1 1 216123000000.0 0 ;2 0 2 3413020000000.0 0 ;1 2 1 5712780000000.0 0 ;1 0 4 2.0295079785106432e-19 1 ;0 2 3 2.9489325590211274e-19 1 ;0 1 4 2.5343697941013514e-20 1 ;
1 0 4 ;1 0 3 2.4185765139298513e-23 2 ;0 0 4 5.029048102748576e-21 2 ;2 0 3 0.07953392874526814 0 ;1 1 3 0.042165784755405465 0 ;2 0 2 571691000000.0 0 ;1 1 2 1187680000000000.0 0 ;0 1 4 2.8507168792502783e-19 1 ;0 0 5 1.912761260682994e-20 1 ;
0 5 0 ;0 4 0 3.856895053307604e-22 2 ;1 4 0 2.6011352944923387 0 ;1 3 0 633369000000000.0 0 ;0 4 1 3.2015342869384286e-18 1 ;
0 4 1 ;0 4 0 1.2378096226427821e-24 2 ;0 3 1 1.5714799842893697e-22 2 ;1 4 0 0.03149193860223509 0 ;1 3 1 2.068680955243858 0 ;0 5 0 0.00726653168570246 0 ;1 3 0 24523100000000.0 0 ;1 2 1 227192000000000.0 0 ;0 3 2 9.650323750006922e-19 1 ;
0 3 2 ;0 3 1 4.66485679769358e-24 2 ;0 2 2 1.1829760498449134e-22 2 ;1 3 1 0.06112904824027257 0 ;1 2 2 1.604930642953252 0 ;0 4 1 0.013373346164365323 0 ;1 3 0 516331000000.0 0 ;1 2 1 21406300000000.0 0 ;1 1 2 252775000000000.0 0 ;0 4 0 161123000000000.0 0 ;0 2 3 3.4136221942089815e-19 1 ;
0 2 3 ;0 2 2 1.2092149237283946e-23 2 ;0 1 3 7.911785280239456e-23 2 ;1 2 2 0.09229999349329711 0 ;1 1 3 1.1885835642300977 0 ;0 3 2 0.019120271295542397 0 ;1 2 1 849006000000.0 0 ;1 1 2 45445600000000.0 0 ;1 0 3 84595900000000.0 0 ;0 3 1 112607000000000.0 0 ;0 1 4 1.2289742028757027e-19 1 ;
0 1 4 ;0 1 3 2.6084649815647026e-23 2 ;0 0 4 5.018047476336209e-23 2 ;1 1 3 0.1316043184201679 0 ;1 0 4 0.5620382337911725 0 ;0 2 3 0.024747245495399188 0 ;1 1 2 3202200000000.0 0 ;1 0 3 29953600000000.0 0 ;0 2 2 123211000000000.0 0 ;0 0 5 3.6295977318411e-20 1 ;
0 0 5 ;0 0 4 5.0062298649096685e-23 2 ;1 0 4 0.15326105290823533 0 ;0 1 4 0.03035294326923525 0 ;1 0 3 5052310000000.0 0 ;0 1 3 321747000000000.0 0 ;
2 4 0 ;2 3 0 1.1298406048834108e-22 2 ;1 4 0 1.0073200002227488e-20 2 ;2 3 1 3.0191573001886972e-18 1 ;1 5 0 4.1536503045802674e-19 1 ;1 4 1 6.434617283295874e-20 1 ;
2 3 1 ;2 3 0 2.3827821057700125e-25 2 ;2 2 1 8.506819713586118e-23 2 ;1 3 1 1.0073015365330137e-20 2 ;2 4 0 0.0035519497030435045 0 ;2 2 2 1.3850448908455004e-18 1 ;1 4 1 5.207068544886078e-19 1 ;1 3 2 4.157914917279925e-20 1 ;
2 2 2 ;2 2 1 1.189183775518665e-24 2 ;2 1 2 5.689406128321704e-23 2 ;1 2 2 1.0071786078260992e-20 2 ;2 3 1 0.012913133454048598 0 ;2 3 0 235404000000000.0 0 ;2 1 3 4.516165945447314e-19 1 ;1 3 2 3.818171365773207e-19 1 ;1 2 3 3.6149778855419963e-20 1 ;
2 1 3 ;2 1 2 3.7710733087171796e-24 2 ;2 0 3 2.8654945445937127e-23 2 ;1 1 3 1.0056937274671053e-20 2 ;2 2 2 0.016266341649780167 0 ;2 2 1 190461000000000.0 0 ;2 0 4 5.827840648741795e-20 1 ;1 2 3 6.556029157557402e-19 1 ;1 1 4 2.8741722490983965e-20 1 ;
2 0 4 ;2 0 3 9.442176877853014e-24 2 ;1 0 4 1.006063470673458e-20 2 ;2 1 3 0.019124163936526013 0 ;2 1 2 178266000000000.0 0 ;1 1 4 4.956952544260565e-19 1 ;1 0 5 2.5920009690370586e-20 1 ;
1 5 0 ;1 4 0 1.7795689369227852e-22 2 ;0 5 0 5.0343940232404654e-21 2 ;2 4 0 1.7484760657581597 0 ;2 3 0 177041000000000.0 0 ;1 4 1 3.773946625235871e-18 1 ;0 6 0 7.37803914576548e-20 1 ;0 5 1 1.5446497882349048e-20 1 ;
1 4 1 ;1 4 0 2.8081646909616495e-25 2 ;1 3 1 1.136140609942963e-22 2 ;0 4 1 5.032858112582154e-21 2 ;2 4 0 0.01325192152781754 0 ;2 3 1 1.4001211701037735 0 ;1 5 0 0.002733636591680776 0 ;2 3 0 6357230000000.0 0 ;2 2 1 56038500000000.0 0 ;1 3 2 8.862513128282563e-20 1 ;0 5 1 9.771170150761313e-20 1 ;0 4 2 1.3396656418977605e-20 1 ;
1 3 2 ;1 2 2 8.476654373978439e-23 2 ;0 3 2 5.03545033983022e-21 2 ;2 3 1 0.023354302211924152 0 ;2 2 2 0.7978133608414452 0 ;1 4 1 0.003223949229932427 0 ;2 3 0 111567000000.0 0 ;2 2 1 4710860000000.0 0 ;2 1 2 30467800000000.0 0 ;1 4 0 266329000000000.0 0 ;1 2 3 2.0127676065597766e-18 1 ;0 4 2 1.6315206557688186e-19 1 ;0 3 3 1.519745392524748e-20 1 ;
1 2 3 ;1 2 2 4.208244022400321e-24 2 ;1 1 3 5.793546372246591e-23 2 ;0 2 3 5.031009889848476e-21 2 ;2 2 2 0.030546122523084366 0 ;2 1 3 0.7175474606387493 0 ;1 3 2 0.009328760993456845 0 ;2 2 1 134463000000.0 0 ;2 1 2 4835540000000.0 0 ;2 0 3 8854420000000.0 0 ;1 3 1 27547400000000.0 0 ;1 1 4 1.4885029812554316e-20 1 ;0 3 3 1.6021278140957627e-19 1 ;0 2 4 1.1035427544342749e-20 1 ;
1 1 4 ;1 1 3 1.0372621414438434e-23 2 ;1 0 4 2.855745537977376e-23 2 ;0 1 4 5.034815419931701e-21 2 ;2 1 3 0.045723342592828425 0 ;2 0 4 0.29046530261898423 0 ;1 2 3 0.006542366716569356 0 ;2 1 2 216841000000.0 0 ;2 0 3 3113830000000.0 0 ;1 2 2 8439260000000.0 0 ;1 0 5 7.842681658161074e-20 1 ;0 2 4 2.592189460206104e-19 1 ;0 1 5 1.2698650058605431e-20 1 ;
1 0 5 ;1 0 4 2.209906760406753e-23 2 ;0 0 5 5.0307187544766156e-21 2 ;2 0 4 0.05249930818206722 0 ;1 1 4 0.020967274947601505 0 ;2 0 3 514770000000.0 0 ;1 1 3 946527000000000.0 0 ;0 1 5 2.4925954387616085e-19 1 ;0 0 6 9.474449708589264e-21 1 ;
0 6 0 ;0 5 0 3.5283935386498577e-22 2 ;1 5 0 2.696790117862438 0 ;1 4 0 746572000000000.0 0 ;0 5 1 4.528735950283045e-18 1 ;
0 5 1 ;0 5 0 3.2854047904973676e-25 2 ;0 4 1 1.4217813588717732e-22 2 ;1 5 0 0.01710955024949998 0 ;1 4 1 2.242281064229879 0 ;0 6 0 0.0022748738486908565 0 ;1 4 0 22457600000000.0 0 ;1 3 1 214592000000000.0 0 ;0 4 2 1.3018613818060424e-18 1 ;
0 4 2 ;0 4 1 1.5425564215092188e-24 2 ;0 3 2 1.1425128586648672e-22 2 ;1 4 1 0.033260894503557514 0 ;1 3 2 1.975561281736015 0 ;0 5 1 0.005857265683963131 0 ;1 4 0 319838000000.0 0 ;1 3 1 15108900000000.0 0 ;1 2 2 199155000000000.0 0 ;0 5 0 221835000000000.0 0 ;0 3 3 3.7450956956738214e-19 1 ;
0 3 3 ;0 3 2 4.683387910724599e-24 2 ;0 2 3 8.601587157199017e-23 2 ;1 3 2 0.05309556697171125 0 ;1 2 3 1.3858856297915678 0 ;0 4 2 0.007969049188444413 0 ;1 3 1 375829000000.0 0 ;1 2 2 25607300000000.0 0 ;1 1 3 196945000000000.0 0 ;0 4 1 85217900000000.0 0 ;0 2 4 1.2872768776011352e-19 1 ;
0 2 4 ;0 2 3 1.1378347722172146e-23 2 ;0 1 4 5.753576359934398e-23 2 ;1 2 3 0.06501486546819929 0 ;1 1 4 1.0303281431801445 0 ;0 3 3 0.010044363689964742 0 ;1 2 2 1042550000000.0 0 ;1 1 3 43544000000000.0 0 ;1 0 4 66171000000000.0 0 ;0 3 2 97053600000000.0 0 ;0 1 5 4.539821587162543e-20 1 ;
0 1 5 ;0 1 4 2.3964741548612927e-23 2 ;0 0 5 3.700374028269296e-23 2 ;1 1 4 0.08714284503289564 0 ;1 0 5 0.4863461709894175 0 ;0 2 4 0.012122334193707797 0 ;1 1 3 2951080000000.0 0 ;1 0 4 27102900000000.0 0 ;0 2 3 87623800000000.0 0 ;0 0 6 1.3187195607375628e-20 1 ;
0 0 6 ;0 0 5 4.5613478009176525e-23 2 ;1 0 5 0.09721684589957065 0 ;0 1 5 0.01421892052134945 0 ;1 0 4 4202020000000.0 0 ;0 1 4 204807000000000.0 0 ;
2 5 0 ;2 4 0 9.944363338847201e-23 2 ;1 5 0 1.0072563728751801e-20 2 ;2 4 1 3.773946625235871e-18 1 ;1 6 0 3.677344901099975e-19 1 ;1 5 1 4.812049958056723e-20 1 ;
2 4 1 ;2 4 0 2.748151978571409e-26 2 ;2 3 1 7.989708633226461e-23 2 ;1 4 1 1.0073080327571885e-20 2 ;2 5 0 0.0007158922591528835 0 ;2 3 2 2.0134155449533706e-18 1 ;1 5 1 4.903126534799968e-19 1 ;1 4 2 1.769083867077947e-20 1 ;
2 3 2 ;2 3 1 2.3237491357711934e-25 2 ;2 2 2 6.010518527771284e-23 2 ;1 3 2 1.0071704139093683e-20 2 ;2 4 1 0.006920409193744003 0 ;2 4 0 281653000000000.0 0 ;2 2 3 7.089152867806892e-19 1 ;1 3 3 1.576516576501685e-20 1 ;1 4 2 1.8550240594646978e-19 1 ;
2 2 3 ;2 2 2 1.0093776934712092e-24 2 ;2 1 3 4.0249566929684883e-23 2 ;1 2 3 1.0072120004390978e-20 2 ;2 3 2 0.006755766637879428 0 ;2 3 1 139006000000000.0 0 ;2 1 4 1.223413713388856e-19 1 ;1 3 3 3.2591065583838094e-19 1 ;1 2 4 1.317164508592936e-20 1 ;
2 1 4 ;2 1 3 3.1431812194026608e-24 2 ;2 0 4 2.0288543145822832e-23 2 ;1 1 4 1.0058356007750668e-20 2 ;2 2 3 0.006126866852076043 0 ;2 2 2 171728000000000.0 0 ;2 0 5 1.452183089119948e-20 1 ;1 2 4 5.597916764600298e-19 1 ;1 1 5 1.0346068216350546e-20 1 ;
2 0 5 ;2 0 4 7.922682060699935e-24 2 ;1 0 5 1.0062498391536067e-20 2 ;2 1 4 0.006577345335301771 0 ;2 1 3 89609300000000.0 0 ;1 1 5 4.2337943935188643e-19 1 ;1 0 6 9.318626415278839e-21 1 ;
1 6 0 ;1 5 0 1.533551691764145e-22 2 ;0 6 0 5.0356683842072435e-21 2 ;2 5 0 2.4749803796001117 0 ;2 4 0 198513000000000.0 0 ;1 5 1 4.528735950283045e-18 1 ;0 7 0 4.176445955336726e-20 1 ;0 6 1 6.50472421748279e-21 1 ;
1 5 1 ;1 5 0 3.599515303492445e-26 2 ;1 4 1 9.9983393450209e-23 2 ;0 5 1 5.034795015574192e-21 2 ;2 5 0 0.00932815294706934 0 ;2 4 1 2.0340892196234006 0 ;1 6 0 0.0002827618058999468 0 ;2 4 0 5442520000000.0 0 ;2 3 1 44217100000000.0 0 ;1 4 2 3.36839609433609e-21 1 ;0 6 1 6.291552485990224e-20 1 ;0 5 2 5.670368057702221e-21 1 ;
1 3 3 ;1 3 2 1.1731252499480197e-24 2 ;1 2 3 5.993012070638348e-23 2 ;0 3 3 5.035839202639495e-21 2 ;2 3 2 0.013720949204173577 0 ;2 2 3 0.6793221238088563 0 ;2 3 1 34422700000.0 0 ;2 2 2 3228840000000.0 0 ;2 1 3 21754000000000.0 0 ;1 4 1 2461310000000.0 0 ;1 2 4 1.5826778815898646e-18 1 ;0 4 3 1.3989225531664868e-19 1 ;0 3 4 5.5469063419773206e-21 1 ;
1 2 4 ;1 2 3 3.5533049987201916e-24 2 ;1 1 4 4.102686833361277e-23 2 ;0 2 4 5.032000900855256e-21 2 ;2 2 3 0.015762435479429057 0 ;2 1 4 0.6110501406046749 0 ;1 3 3 0.009916851865926805 0 ;2 2 2 116852000000.0 0 ;2 1 3 4295150000000.0 0 ;2 0 4 6486610000000.0 0 ;1 3 2 1127680000000000.0 0 ;1 1 5 3.792713277253979e-21 1 ;0 3 4 1.3700480622083062e-19 1 ;0 2 5 3.993585959966315e-21 1 ;
1 4 2 ;0 4 2 5.031445608401341e-21 2 ;2 4 1 0.01362194710387736 0 ;2 3 2 0.8909398882188917 0 ;1 5 1 0.00034397478380003387 0 ;2 4 0 57183000000.0 0 ;2 3 1 2677660000000.0 0 ;2 2 2 25953700000000.0 0 ;1 5 0 321269000000000.0 0 ;0 5 2 2.451563267399984e-19 1 ;0 4 3 1.3275668649846427e-20 1 ;
1 1 5 ;1 1 4 8.785048196180816e-24 2 ;1 0 5 2.0203938323804123e-23 2 ;0 1 5 5.0354435033120954e-21 2 ;2 1 4 0.022062929743088423 0 ;2 0 5 0.24737756584637202 0 ;1 2 4 0.0022669120764817236 0 ;2 1 3 156549000000.0 0 ;2 0 4 2576050000000.0 0 ;1 2 3 4399290000000.0 0 ;1 0 6 2.0028718201848797e-20 1 ;0 2 5 2.228872731870614e-19 1 ;0 1 6 4.584753169583799e-21 1 ;
1 0 6 ;1 0 5 1.8895968716132086e-23 2 ;0 0 6 5.031962055780463e-21 2 ;2 0 5 0.02435064677060719 0 ;1 1 5 0.006991660281312423 0 ;2 0 4 348082000000.0 0 ;1 1 4 508325000000000.0 0 ;0 1 6 2.1393747686681262e-19 1 ;0 0 7 3.390319973435712e-21 1 ;
0 7 0 ;0 6 0 3.0774401804589477e-22 2 ;1 6 0 2.6742853108073046 0 ;1 5 0 791963000000000.0 0 ;0 6 1 5.28352527533022e-18 1 ;
0 6 1 ;0 6 0 4.6353488234649445e-26 2 ;0 5 1 1.200573301958584e-22 2 ;1 6 0 0.006801096769610424 0 ;1 5 1 2.2955161991840973 0 ;0 7 0 0.00015576185439737674 0 ;1 5 0 18678300000000.0 0 ;1 4 1 153134000000000.0 0 ;0 5 2 2.0552016809911783e-18 1 ;
0 5 2 ;0 5 1 3.375525675389902e-25 2 ;0 4 2 1.0059542778256978e-22 2 ;1 5 1 0.013243707450737052 0 ;1 4 2 2.72599121243347 0 ;0 6 1 0.002056789695941504 0 ;1 5 0 165907000000.0 0 ;1 4 1 8257780000000.0 0 ;1 3 2 224084000000000.0 0 ;0 6 0 302458000000000.0 0 ;0 4 3 3.5357055682602353e-19 1 ;
0 4 3 ;0 4 2 1.3565849874322962e-24 2 ;0 3 3 8.083775354176189e-23 2 ;1 3 3 1.684688301227676 0 ;1 4 2 0.026917072841986984 0 ;0 5 2 0.0024808230300336223 0 ;1 4 1 121351000000.0 0 ;1 3 2 21232800000000.0 0 ;1 2 3 143617000000000.0 0 ;0 5 1 60257600000000.0 0 ;0 3 4 9.87360332043956e-20 1 ;
0 3 4 ;0 3 3 4.003236420669492e-24 2 ;0 2 4 6.086334957160028e-23 2 ;1 3 3 0.027414102118850137 0 ;1 2 4 1.1807769599345113 0 ;0 4 3 0.002974589292419534 0 ;1 3 2 464511000000.0 0 ;1 2 3 22414100000000.0 0 ;1 1 4 147765000000000.0 0 ;0 4 2 57686000000000.0 0 ;0 2 5 3.329661159097209e-20 1 ;
0 2 5 ;0 2 4 9.720721778940787e-24 2 ;0 1 5 4.07115372379204e-23 2 ;1 2 4 0.03142733567519478 0 ;1 1 5 0.8794491008617692 0 ;0 3 4 0.0034977695736774154 0 ;1 2 3 768514000000.0 0 ;1 1 4 37564100000000.0 0 ;1 0 5 50229100000000.0 0 ;0 3 3 54630900000000.0 0 ;0 1 6 1.1572061902615716e-20 1 ;
0 1 6 ;0 1 5 2.0622863207123207e-23 2 ;0 0 6 2.661064226006844e-23 2 ;1 1 5 0.040476328305521204 0 ;1 0 6 0.4148735201543774 0 ;0 2 5 0.004039717702911971 0 ;1 1 4 2027760000000.0 0 ;1 0 5 22797000000000.0 0 ;0 2 4 44461600000000.0 0 ;0 0 7 3.318976065951934e-21 1 ;
0 0 7 ;0 0 6 3.961919152836826e-23 2 ;1 0 6 0.04385780317430236 0 ;0 1 6 0.004596376868977602 0 ;1 0 5 2722510000000.0 0 ;0 1 5 97258200000000.0 0 ;
0 0 0 ; 0 0 1  0.000 0; 
