1 0 0 ;0 0 0 3.256417412645009e-21 2 ;0 1 0 4.903126534799968e-19 1 ;
0 1 0 ;0 0 0 1.0275909857538301e-22 2 ;1 0 0 0.67866205920488 0 ;
2 0 0 ;1 0 0 6.508130093378836e-21 2 ;1 1 0 9.806253069599936e-19 1 ;
1 1 0 ;1 0 0 5.0250091634246183e-23 2 ;0 1 0 3.256491966419258e-21 2 ;2 0 0 0.2264446889677025 0 ;0 2 0 3.278615394380034e-19 1 ;
0 2 0 ;0 1 0 1.600117705387402e-22 2 ;1 1 0 0.9725248826879599 0 ;1 0 0 198572000000000.0 0 ;
2 1 0 ;2 0 0 2.1014162009656897e-23 2 ;1 1 0 5.233557364508653e-21 2 ;1 2 0 8.580471435899944e-19 1 ;
1 2 0 ;1 1 0 7.439449687575831e-23 2 ;0 2 0 2.6201831826166614e-21 2 ;2 1 0 0.43410586281245206 0 ;2 0 0 54604700000000.0 0 ;0 3 0 1.5834789690583087e-19 1 ;
0 3 0 ;0 2 0 1.837149416638746e-22 2 ;1 2 0 0.7949315453158001 0 ;1 1 0 345188000000000.0 0 ;
2 2 0 ;2 1 0 4.1769270066815994e-23 2 ;1 2 0 5.228973812132158e-21 2 ;1 3 0 7.35468980219995e-19 1 ;
1 3 0 ;1 2 0 8.042566707054561e-23 2 ;0 3 0 2.619306976301389e-21 2 ;2 2 0 0.6320830461568324 0 ;2 1 0 65955900000000.0 0 ;0 4 0 1.365265098793773e-19 1 ;
0 4 0 ;0 3 0 1.8367036281220697e-22 2 ;1 3 0 1.072006430912029 0 ;1 2 0 343485000000000.0 0 ;
2 3 0 ;2 2 0 4.276442712796655e-23 2 ;1 3 0 5.221800744856545e-21 2 ;1 4 0 4.812309133414161e-19 1 ;
1 4 0 ;1 3 0 7.492779711203206e-23 2 ;0 4 0 2.6174737944446888e-21 2 ;2 3 0 0.6508875614287537 0 ;2 2 0 117551000000000.0 0 ;0 5 0 9.331573402452661e-20 1 ;
0 5 0 ;0 4 0 1.6801999486682602e-22 2 ;1 4 0 1.1317086893189037 0 ;1 3 0 514634000000000.0 0 ;
2 4 0 ;2 3 0 3.753245936847485e-23 2 ;1 4 0 5.2169605675402126e-21 2 ;1 5 0 4.583398389306284e-19 1 ;
1 5 0 ;1 4 0 6.338394616710333e-23 2 ;0 5 0 2.6160403396094854e-21 2 ;2 4 0 0.965746437518956 0 ;2 3 0 140408000000000.0 0 ;0 6 0 5.781165523006866e-20 1 ;
0 6 0 ;0 5 0 1.4408014340496101e-22 2 ;1 5 0 1.1215378484016685 0 ;1 4 0 562795000000000.0 0 ;
0 0 0 ; 0 0 1  0.000 0; 
