1 0 0 ;0 0 0 9.971650752174326e-21 2 ;0 1 0 4.903126534799968e-19 1 ;0 0 1 9.318532169694317e-20 1 ;
0 1 0 ;0 0 0 3.359338479640422e-22 2 ;1 0 0 2.1462559149962104 0 ;0 0 1 7.547893250471743e-19 1 ;
0 0 1 ;0 0 0 4.464668813426588e-23 2 ;1 0 0 0.2546254025639971 0 ;0 1 0 0.20130559455863706 0 ;
2 0 0 ;1 0 0 2.0171547176552318e-20 2 ;1 1 0 9.806253069599936e-19 1 ;1 0 1 1.8637064339388633e-19 1 ;
1 1 0 ;1 0 0 2.019315021011351e-22 2 ;0 1 0 1.0016285275565192e-20 2 ;2 0 0 0.8113169114166774 0 ;1 0 1 7.258606428778932e-19 1 ;0 2 0 3.5578650613211646e-19 1 ;0 1 1 8.069813516861082e-20 1 ;
1 0 1 ;1 0 0 2.602747856173904e-23 2 ;0 0 1 9.992707011967451e-21 2 ;2 0 0 0.09342042452243474 0 ;1 1 0 0.11990167658978024 0 ;0 1 1 3.892001000548775e-19 1 ;0 0 2 6.985247110870478e-20 1 ;
0 2 0 ;0 1 0 5.6075464344073665e-22 2 ;1 1 0 3.4400847671031785 0 ;1 0 0 198510000000000.0 0 ;0 1 1 1.091967040515259e-18 1 ;
0 1 1 ;0 1 0 2.740581290777532e-23 2 ;0 0 1 2.078627683734451e-22 2 ;1 1 0 0.20517627016179887 0 ;1 0 1 1.6951176296752624 0 ;0 2 0 0.09534254317425872 0 ;1 0 0 20144900000000.0 0 ;0 0 2 3.667814316365105e-19 1 ;
0 0 2 ;0 0 1 7.414570338700843e-23 2 ;1 0 1 0.3986007015123574 0 ;0 1 1 0.1945339037249047 0 ;1 0 0 1863170000000.0 0 ;0 1 0 386441000000000.0 0 ;
2 1 0 ;2 0 0 1.1211214648187955e-22 2 ;1 1 0 1.7305386289748852e-20 2 ;2 0 1 6.884734194976886e-19 1 ;1 2 0 8.580471435899944e-19 1 ;1 1 1 1.8637064339388633e-19 1 ;
2 0 1 ;2 0 0 1.390570938965893e-23 2 ;1 0 1 1.7286298552519798e-20 2 ;2 1 0 0.0770270840107904 0 ;1 1 1 9.806253069599936e-19 1 ;1 0 2 1.4038940077500657e-19 1 ;
1 2 0 ;1 1 0 3.2825981183999286e-22 2 ;0 2 0 8.598507704310131e-21 2 ;2 1 0 1.5674915609165285 0 ;2 0 0 52704100000000.0 0 ;1 1 1 1.0014017460680503e-18 1 ;0 3 0 2.0432796145490412e-19 1 ;0 2 1 5.655630404422463e-20 1 ;
1 1 1 ;1 1 0 1.4798017968865507e-23 2 ;1 0 1 1.1268800079491263e-22 2 ;0 1 1 8.58078656272457e-21 2 ;2 1 0 0.08668870876492231 0 ;2 0 1 0.7900547975296287 0 ;1 2 0 0.051862672493374944 0 ;2 0 0 5376680000000.0 0 ;1 0 2 7.156915443078803e-20 1 ;0 2 1 2.298897201171073e-19 1 ;0 1 2 4.9051881569614043e-20 1 ;
1 0 2 ;1 0 1 4.149132912264152e-23 2 ;0 0 2 8.605785668360744e-21 2 ;2 0 1 0.1716258606612055 0 ;1 1 1 0.06317312777645921 0 ;2 0 0 502111000000.0 0 ;1 1 0 367973000000000.0 0 ;0 1 2 3.350124231636728e-19 1 ;0 0 3 5.3825067004753166e-20 1 ;
0 3 0 ;0 2 0 6.959891889908e-22 2 ;1 2 0 3.3575223542527475 0 ;1 1 0 391141000000000.0 0 ;0 2 1 1.1410925514477813e-18 1 ;
0 2 1 ;0 2 0 1.570872915130621e-23 2 ;0 1 1 2.3938500742788564e-22 2 ;1 2 0 0.1340725889564509 0 ;1 1 1 2.2114332167127486 0 ;0 3 0 0.04053138939416345 0 ;1 1 0 27058700000000.0 0 ;1 0 1 121496000000000.0 0 ;0 1 2 4.747208995905019e-19 1 ;
0 1 2 ;0 1 1 4.445001469339495e-23 2 ;0 0 2 1.6895452851356245e-22 2 ;1 1 1 0.2606386241112822 0 ;1 0 2 1.199022673671072 0 ;0 2 1 0.08237158827268444 0 ;1 1 0 1302300000000.0 0 ;1 0 1 24696700000000.0 0 ;0 2 0 129447000000000.0 0 ;0 0 3 1.5618024846180588e-19 1 ;
0 0 3 ;0 0 2 9.165680417341699e-23 2 ;1 0 2 0.4114787637641743 0 ;0 1 2 0.12532669880509592 0 ;1 0 1 3435960000000.0 0 ;0 1 1 485795000000000.0 0 ;
2 2 0 ;2 1 0 2.2315982492231966e-22 2 ;1 2 0 1.7345663861475476e-20 2 ;2 1 1 1.5095786500943486e-18 1 ;1 3 0 7.35468980219995e-19 1 ;1 2 1 1.8194699127034624e-19 1 ;
2 1 1 ;2 1 0 7.082660257951227e-24 2 ;2 0 1 1.1183516931581569e-22 2 ;1 1 1 1.7330242077784504e-20 2 ;2 2 0 0.05315501378249468 0 ;2 0 2 5.280273802664183e-19 1 ;1 2 1 8.580471435899944e-19 1 ;1 1 2 1.1372355509011849e-19 1 ;
2 0 2 ;2 0 1 2.1569897789123594e-23 2 ;1 0 2 1.724358238343173e-20 2 ;2 1 1 0.12340403233172617 0 ;2 1 0 252427000000000.0 0 ;1 1 2 6.989170083326242e-19 1 ;1 0 3 9.946596525652488e-20 1 ;
1 3 0 ;1 2 0 3.9481663415334184e-22 2 ;0 3 0 8.62522235668984e-21 2 ;2 2 0 2.286361581354846 0 ;2 1 0 82532600000000.0 0 ;1 2 1 1.9854952905384837e-18 1 ;0 4 0 1.7635705003833616e-19 1 ;0 3 1 4.539232552259275e-20 1 ;
1 2 1 ;1 2 0 7.62737938097145e-24 2 ;1 1 1 2.2406335702878167e-22 2 ;0 2 1 8.610082421336729e-21 2 ;2 2 0 0.07881525890048525 0 ;2 1 1 1.5217520561250906 0 ;1 3 0 0.039411273865369405 0 ;2 1 0 5812940000000.0 0 ;2 0 1 26318300000000.0 0 ;1 1 2 9.214532167173378e-20 1 ;0 3 1 2.056933443606785e-19 1 ;0 2 2 3.9461922116493996e-20 1 ;
1 1 2 ;1 0 2 1.1191730858886203e-22 2 ;0 1 2 8.645993460542951e-21 2 ;2 1 1 0.1373682044489752 0 ;2 0 2 0.7105634864116289 0 ;1 2 1 0.038556907903167174 0 ;2 1 0 288409000000.0 0 ;2 0 1 4847960000000.0 0 ;1 2 0 118677000000000.0 0 ;1 0 3 4.2500517568490515e-19 1 ;0 2 2 3.4481396395404656e-19 1 ;0 1 3 4.79509753354068e-20 1 ;
1 0 3 ;1 0 2 5.0253526040877654e-23 2 ;0 0 3 8.620613405248551e-21 2 ;2 0 2 0.18918421368254562 0 ;1 1 2 0.14145239548015967 0 ;2 0 1 546045000000.0 0 ;1 1 1 54593700000000.0 0 ;0 1 3 3.450919884283889e-19 1 ;0 0 4 3.792124242350711e-20 1 ;
0 4 0 ;0 3 0 7.589972758964883e-22 2 ;1 3 0 4.529378091041405 0 ;1 2 0 481177000000000.0 0 ;0 3 1 2.040204852353984e-18 1 ;
0 3 1 ;0 3 0 8.185312745717561e-24 2 ;0 2 1 3.3659317139279414e-22 2 ;1 3 0 0.10065416146791459 0 ;1 2 1 3.3649559943155767 0 ;0 4 0 0.030088691548078257 0 ;1 2 0 25581500000000.0 0 ;1 1 1 190666000000000.0 0 ;0 2 2 8.60588240162691e-19 1 ;
0 2 2 ;0 2 1 2.458489965219122e-23 2 ;0 1 2 2.249428219058841e-22 2 ;1 2 1 0.1958261960267351 0 ;1 1 2 2.531421385949456 0 ;0 3 1 0.060754090362237424 0 ;1 2 0 855112000000.0 0 ;1 1 1 26381100000000.0 0 ;1 0 2 104117000000000.0 0 ;0 3 0 111387000000000.0 0 ;0 1 3 3.495745440422558e-19 1 ;
0 1 3 ;0 1 2 5.330238257998838e-23 2 ;0 0 3 1.3555098101813356e-22 2 ;1 1 2 0.31984704682794307 0 ;1 0 3 1.2109300124068447 0 ;0 2 2 0.09197492574397674 0 ;1 1 1 1904630000000.0 0 ;1 0 2 31079900000000.0 0 ;0 2 1 121594000000000.0 0 ;0 0 4 1.1279134845220707e-19 1 ;
0 0 4 ;0 0 3 9.949517920303657e-23 2 ;1 0 3 0.4029488009492258 0 ;0 1 3 0.12374676340200164 0 ;1 0 2 5538050000000.0 0 ;0 1 2 407690000000000.0 0 ;
2 3 0 ;2 2 0 2.6140130860346974e-22 2 ;1 3 0 1.7387031512018595e-20 2 ;2 2 1 2.2643679751415225e-18 1 ;1 4 0 5.369995599129912e-19 1 ;1 3 1 1.1211678568098498e-19 1 ;
2 2 1 ;2 2 0 3.1378853001199873e-24 2 ;2 1 1 1.749801086327764e-22 2 ;1 2 1 1.7370788920085455e-20 2 ;2 3 0 0.024502385569925674 0 ;2 1 2 1.0247499115637736e-18 1 ;1 3 1 6.349065853945279e-19 1 ;1 2 2 8.61683845082769e-20 1 ;
2 1 2 ;2 1 1 1.0476510413007272e-23 2 ;2 0 2 8.781196979033395e-23 2 ;1 1 2 1.7262211175222135e-20 2 ;2 2 1 0.06201558858902526 0 ;2 2 0 160601000000000.0 0 ;2 0 3 2.190243822914321e-19 1 ;1 2 2 7.686304672041576e-19 1 ;1 1 3 7.18329242604713e-20 1 ;
2 0 3 ;2 0 2 2.463969461957417e-23 2 ;1 0 3 1.727410356657433e-20 2 ;2 1 2 0.09359835488445996 0 ;2 1 1 398846000000000.0 0 ;1 1 3 6.265175503021899e-19 1 ;1 0 4 6.494793089013696e-20 1 ;
1 4 0 ;1 3 0 4.153818084772525e-22 2 ;0 4 0 8.651285954315061e-21 2 ;2 3 0 2.6152175548998655 0 ;2 2 0 155452000000000.0 0 ;1 3 1 3.0191573001886972e-18 1 ;0 5 0 1.2894091839509643e-19 1 ;0 4 1 3.408485809852487e-20 1 ;
1 3 1 ;1 3 0 3.428483862092908e-24 2 ;1 2 1 2.626259956650702e-22 2 ;0 3 1 8.63936481074864e-21 2 ;2 3 0 0.045413974934732426 0 ;2 2 1 1.95172505148952 0 ;1 4 0 0.022745833491514645 0 ;2 2 0 7566910000000.0 0 ;2 1 1 61808900000000.0 0 ;1 2 2 3.858037248026362e-19 1 ;0 4 1 1.5792850405470431e-19 1 ;0 3 2 2.971339446741429e-20 1 ;
1 2 2 ;1 2 1 1.1201677872055446e-23 2 ;1 1 2 1.7715388974295974e-22 2 ;0 2 2 8.642773362800292e-21 2 ;2 2 1 0.08479848649862062 0 ;2 1 2 1.5087688533583519 0 ;1 3 1 0.03091837712046899 0 ;2 2 0 215015000000.0 0 ;2 1 1 6919060000000.0 0 ;2 0 2 14662100000000.0 0 ;1 3 0 196997000000000.0 0 ;1 1 3 7.801095793990376e-20 1 ;0 3 2 2.1042447270372432e-19 1 ;0 2 3 2.890146875675015e-20 1 ;
1 1 3 ;1 1 2 2.6405301956652972e-23 2 ;1 0 3 8.767100129108045e-23 2 ;0 1 3 8.661894197545934e-21 2 ;2 1 2 0.13991119833802035 0 ;2 0 3 0.6341510253592629 0 ;1 2 2 0.037095507201150665 0 ;2 1 1 294867000000.0 0 ;2 0 2 4297520000000.0 0 ;1 2 1 10778600000000.0 0 ;1 0 4 2.4648283334215714e-19 1 ;0 2 3 3.1719058313040655e-19 1 ;0 1 4 3.1811654599834334e-20 1 ;
1 0 4 ;1 0 3 5.251119614637245e-23 2 ;0 0 4 8.638196745018314e-21 2 ;2 0 3 0.1734117078303013 0 ;1 1 3 0.10677851169618945 0 ;2 0 2 738136000000.0 0 ;1 1 2 1258700000000000.0 0 ;0 1 4 3.145894049975766e-19 1 ;0 0 5 2.4808736441865822e-20 1 ;
0 5 0 ;0 4 0 7.655034141549479e-22 2 ;1 4 0 5.085615611899177 0 ;1 3 0 756285000000000.0 0 ;0 4 1 2.985829705361813e-18 1 ;
0 4 1 ;0 4 0 3.7361753092597074e-24 2 ;0 3 1 3.506973991564578e-22 2 ;1 4 0 0.07095263374713208 0 ;1 3 1 4.040969272385971 0 ;0 5 0 0.016856976317602506 0 ;1 3 0 29617400000000.0 0 ;1 2 1 294655000000000.0 0 ;0 3 2 1.1474458819144264e-18 1 ;
0 3 2 ;0 3 1 1.2199976669122821e-23 2 ;0 2 2 2.638318559695088e-22 2 ;1 3 1 0.13816645406852548 0 ;1 2 2 3.138316409733808 0 ;0 4 1 0.033639598691310016 0 ;1 3 0 638602000000.0 0 ;1 2 1 28187000000000.0 0 ;1 1 2 290922000000000.0 0 ;0 4 0 155968000000000.0 0 ;0 2 3 4.70570559662078e-19 1 ;
0 2 3 ;0 2 2 2.830851373211898e-23 2 ;0 1 3 1.7636845814653904e-22 2 ;1 2 2 0.20953626381973786 0 ;1 1 3 2.2787560415323305 0 ;0 3 2 0.050525457404574696 0 ;1 2 1 1156990000000.0 0 ;1 1 2 53353100000000.0 0 ;1 0 3 97211200000000.0 0 ;0 3 1 145940000000000.0 0 ;0 1 4 1.8706334844012911e-19 1 ;
0 1 4 ;0 1 3 5.589441971076785e-23 2 ;0 0 4 1.071402864226578e-22 2 ;1 1 3 0.29473408393830447 0 ;1 0 4 1.0867881864446558 0 ;0 2 3 0.0675915191762755 0 ;1 1 2 3961800000000.0 0 ;1 0 3 35166700000000.0 0 ;0 2 2 173654000000000.0 0 ;0 0 5 5.929260678386421e-20 1 ;
0 0 5 ;0 0 4 9.982818901603838e-23 2 ;1 0 4 0.3470050877432154 0 ;0 1 4 0.08487805345131977 0 ;1 0 3 6297150000000.0 0 ;0 1 3 479823000000000.0 0 ;
2 4 0 ;2 3 0 2.6792342317904957e-22 2 ;1 4 0 1.7413626484863016e-20 2 ;2 3 1 3.0191573001886972e-18 1 ;1 5 0 3.678664339283295e-19 1 ;1 4 1 7.287775437188746e-20 1 ;
2 3 1 ;2 3 0 1.132141527738e-24 2 ;2 2 1 2.017428826370904e-22 2 ;1 3 1 1.7399544376010198e-20 2 ;2 4 0 0.010395866119019277 0 ;2 2 2 1.5455215598917406e-18 1 ;1 4 1 4.544840164538383e-19 1 ;1 3 2 5.927752749034055e-20 1 ;
2 2 2 ;2 2 1 4.3240292048038e-24 2 ;2 1 2 1.3497986003467877e-22 2 ;1 2 2 1.7357099437854e-20 2 ;2 3 1 0.03185536546379614 0 ;2 3 0 221293000000000.0 0 ;2 1 3 4.698578274291242e-19 1 ;1 3 2 5.213347656954911e-19 1 ;1 2 3 5.0855153022477646e-20 1 ;
2 1 3 ;2 1 2 1.1311816098650463e-23 2 ;2 0 3 6.785722707819553e-23 2 ;1 1 3 1.7275500087324226e-20 2 ;2 2 2 0.04536125709505882 0 ;2 2 1 232792000000000.0 0 ;2 0 4 9.650488679779837e-20 1 ;1 2 3 6.833040491866115e-19 1 ;1 1 4 4.2050966130316647e-20 1 ;
2 0 4 ;2 0 3 2.4565020238459542e-23 2 ;1 0 4 1.7292316041267276e-20 2 ;2 1 3 0.06013138396044224 0 ;2 1 2 284961000000000.0 0 ;1 1 4 5.570750474861594e-19 1 ;1 0 5 3.833816132803996e-20 1 ;
1 5 0 ;1 4 0 4.038402812389366e-22 2 ;0 5 0 8.669195846791309e-21 2 ;2 4 0 2.7602979208778087 0 ;2 3 0 212789000000000.0 0 ;1 4 1 3.773946625235871e-18 1 ;0 6 0 8.693036005914391e-20 1 ;0 5 1 2.324496658067085e-20 1 ;
1 4 1 ;1 4 0 1.2674514192280288e-24 2 ;1 3 1 2.693122242988805e-22 2 ;0 4 1 8.65888439988001e-21 2 ;2 4 0 0.02773052061188622 0 ;2 3 1 2.19962902293645 0 ;1 5 0 0.009358863524819381 0 ;2 3 0 7859600000000.0 0 ;2 2 1 76639900000000.0 0 ;1 3 2 7.151154681724845e-19 1 ;0 5 1 1.1451839878858786e-19 1 ;0 4 2 2.0327947932708768e-20 1 ;
1 3 2 ;1 3 1 4.73421456385102e-24 2 ;1 2 2 2.0331259569246633e-22 2 ;0 3 2 8.655872928211767e-21 2 ;2 3 1 0.05276690338056154 0 ;2 2 2 1.6836151002237227 0 ;1 4 1 0.017820686466737484 0 ;2 3 0 148496000000.0 0 ;2 2 1 6619890000000.0 0 ;2 1 2 39009100000000.0 0 ;1 4 0 241805000000000.0 0 ;1 2 3 3.0016511828635827e-19 1 ;0 4 2 1.505714581128913e-19 1 ;0 3 3 1.8796928412135473e-20 1 ;
1 2 3 ;1 2 2 1.2301516991544397e-23 2 ;1 1 3 1.369852735166996e-22 2 ;0 2 3 8.651918573602446e-21 2 ;2 2 2 0.07950681921433965 0 ;2 1 3 1.3364312222240955 0 ;1 3 2 0.026974059021505088 0 ;2 2 1 207229000000.0 0 ;2 1 2 6434090000000.0 0 ;2 0 3 11596500000000.0 0 ;1 3 1 40851300000000.0 0 ;1 1 4 3.495462703668989e-20 1 ;0 3 3 1.8816955598846576e-19 1 ;0 2 4 1.7168246904600406e-20 1 ;
1 1 4 ;1 1 3 2.645965122412368e-23 2 ;1 0 4 6.766161653216408e-23 2 ;0 1 4 8.672063073423621e-21 2 ;2 1 3 0.11644149671869307 0 ;2 0 4 0.5617527937921725 0 ;1 2 3 0.023965547987486187 0 ;2 1 2 341622000000.0 0 ;2 0 3 4207380000000.0 0 ;1 2 2 19986600000000.0 0 ;1 0 5 1.2195967672156816e-19 1 ;0 2 4 2.8721813111253515e-19 1 ;0 1 5 1.8991192123233146e-20 1 ;
1 0 5 ;1 0 4 5.073422228661345e-23 2 ;0 0 5 8.648823312170386e-21 2 ;2 0 4 0.13587909303538473 0 ;1 1 4 0.06694569465895649 0 ;2 0 3 759284000000.0 0 ;1 1 3 1196670000000000.0 0 ;0 1 5 2.830925306500485e-19 1 ;0 0 6 1.4633629715839685e-20 1 ;
0 6 0 ;0 5 0 7.321411416440748e-22 2 ;1 5 0 5.425628843296684 0 ;1 4 0 935596000000000.0 0 ;0 5 1 4.528735950283045e-18 1 ;
0 5 1 ;0 5 0 1.4142204200911337e-24 2 ;0 4 1 3.3709754865519494e-22 2 ;1 5 0 0.04560882260669346 0 ;1 4 1 4.503239229256534 0 ;0 6 0 0.00799607584092908 0 ;1 4 0 28940100000000.0 0 ;1 3 1 314768000000000.0 0 ;0 4 2 1.5119583511035499e-18 1 ;
0 4 2 ;0 4 1 5.2290511294464784e-24 2 ;0 3 2 2.7071939917883777e-22 2 ;1 4 1 0.08890802862644114 0 ;1 3 2 3.663832134292181 0 ;0 5 1 0.016973694488699585 0 ;1 4 0 442773000000.0 0 ;1 3 1 22847900000000.0 0 ;1 2 2 274767000000000.0 0 ;0 5 0 182015000000000.0 0 ;0 3 3 5.614456864684054e-19 1 ;
0 3 3 ;0 3 2 1.3361333032245548e-23 2 ;0 2 3 2.0371716446271108e-22 2 ;1 3 2 0.13257750163464432 0 ;1 2 3 2.7853019130741936 0 ;0 4 2 0.02514469025546312 0 ;1 3 1 619012000000.0 0 ;1 2 2 36459800000000.0 0 ;1 1 3 238641000000000.0 0 ;0 4 1 116237000000000.0 0 ;0 2 4 2.2476511645867863e-19 1 ;
0 2 4 ;0 2 3 2.849772738483909e-23 2 ;0 1 4 1.36224409692472e-22 2 ;1 2 3 0.17523928949667278 0 ;1 1 4 2.0308739244164467 0 ;0 3 3 0.03334499093144448 0 ;1 2 2 1636840000000.0 0 ;1 1 3 54570400000000.0 0 ;1 0 4 79663900000000.0 0 ;0 3 2 151443000000000.0 0 ;0 1 5 8.7688919207572e-20 1 ;
0 1 5 ;0 1 4 5.420709794253384e-23 2 ;0 0 5 8.347521397690753e-23 2 ;1 1 4 0.23181309025326907 0 ;1 0 5 0.9665643164555082 0 ;0 2 4 0.04162098335750817 0 ;1 1 3 4170870000000.0 0 ;1 0 4 33766000000000.0 0 ;0 2 3 148590000000000.0 0 ;0 0 6 2.7357726082266276e-20 1 ;
0 0 6 ;0 0 5 9.507969459386538e-23 2 ;1 0 5 0.2614066870409276 0 ;0 1 5 0.04999513969193946 0 ;1 0 4 5956910000000.0 0 ;0 1 4 366923000000000.0 0 ;
2 5 0 ;2 4 0 2.5309066306569753e-22 2 ;1 5 0 1.7428076575023422e-20 2 ;2 4 1 3.773946625235871e-18 1 ;1 6 0 3.5198487486642704e-19 1 ;1 5 1 6.164509438053456e-20 1 ;
2 4 1 ;2 4 0 2.90428784666176e-25 2 ;2 3 1 2.0318277338185129e-22 2 ;1 4 1 1.7419657920576057e-20 2 ;2 5 0 0.00412508211680508 0 ;2 3 2 2.2156547886412874e-18 1 ;1 5 1 4.749164591783868e-19 1 ;1 4 2 3.496735019060047e-20 1 ;
2 3 2 ;2 3 1 1.3932809900003126e-24 2 ;2 2 2 1.5277504223635232e-22 2 ;1 3 2 1.7398626800796203e-20 2 ;2 4 1 0.019280964691950956 0 ;2 4 0 255005000000000.0 0 ;2 2 3 1.067662282336629e-18 1 ;1 3 3 3.1415234109935203e-20 1 ;1 4 2 2.583778041787442e-19 1 ;
2 2 3 ;2 2 2 4.311659353852528e-24 2 ;2 1 3 1.0248906081898285e-22 2 ;1 2 3 1.7362887213028102e-20 2 ;2 3 2 0.023965126303737483 0 ;2 3 1 249850000000000.0 0 ;2 1 4 1.8497227453352891e-19 1 ;1 3 3 4.591668439348162e-19 1 ;1 2 4 2.5830947612996516e-20 1 ;
2 1 4 ;2 1 3 1.0595654712904938e-23 2 ;2 0 4 5.1553076303846157e-23 2 ;1 1 4 1.7280945057107817e-20 2 ;2 2 3 0.02518199697650453 0 ;2 2 2 190824000000000.0 0 ;2 0 5 3.6034799242302117e-20 1 ;1 2 4 6.019595071151547e-19 1 ;1 1 5 2.1150005043709105e-20 1 ;
2 0 5 ;2 0 4 2.2501915361993115e-23 2 ;1 0 5 1.7300464062815875e-20 2 ;2 1 4 0.030794238273284657 0 ;2 1 3 189352000000000.0 0 ;1 1 5 4.908604559400357e-19 1 ;1 0 6 1.9326235176211788e-20 1 ;
1 6 0 ;1 5 0 3.7096244314423774e-22 2 ;0 6 0 8.681165275643912e-21 2 ;2 5 0 4.197249436874057 0 ;2 4 0 254553000000000.0 0 ;1 5 1 4.528735950283045e-18 1 ;0 7 0 5.118513037528819e-20 1 ;0 6 1 1.3599520039662984e-20 1 ;
1 5 1 ;1 5 0 3.4001470207742163e-25 2 ;1 4 1 2.544422523140782e-22 2 ;0 5 1 8.672108871161488e-21 2 ;2 5 0 0.022147519066186883 0 ;2 4 1 3.5115770966932254 0 ;1 6 0 0.002579124028597967 0 ;2 4 0 7335440000000.0 0 ;2 3 1 72789100000000.0 0 ;1 4 2 4.6376367231991695e-20 1 ;0 6 1 7.649937657113831e-20 1 ;0 5 2 1.1935732051893164e-20 1 ;
1 3 3 ;1 3 2 4.794137023863358e-24 2 ;1 2 3 1.5439604549289233e-22 2 ;0 3 3 8.659704840847918e-21 2 ;2 3 2 0.043287053486409655 0 ;2 2 3 1.4786936861072575 0 ;2 3 1 98638900000.0 0 ;2 2 2 6352020000000.0 0 ;2 1 3 29840500000000.0 0 ;1 4 1 47614700000000.0 0 ;1 2 4 1.1815215510684601e-19 1 ;0 4 3 1.3285682243201979e-19 1 ;0 3 4 9.578390807619876e-21 1 ;
1 4 2 ;0 4 2 8.707119018495668e-21 2 ;2 4 1 0.03737245167683244 0 ;2 3 2 1.6695981174001266 0 ;1 5 1 0.0029563888977983317 0 ;2 4 0 92104500000.0 0 ;2 3 1 4832880000000.0 0 ;2 2 2 51679400000000.0 0 ;1 5 0 255722000000000.0 0 ;0 5 2 1.641369319351454e-19 1 ;0 4 3 1.62305033385983e-20 1 ;
1 2 4 ;1 2 3 1.1609395933210602e-23 2 ;1 1 4 1.0409560119961973e-22 2 ;0 2 4 8.65628710483629e-21 2 ;2 2 3 0.057235837736582 0 ;2 1 4 1.173851658881213 0 ;1 3 3 0.014973844895422805 0 ;2 2 2 219107000000.0 0 ;2 1 3 6167240000000.0 0 ;2 0 4 9016150000000.0 0 ;1 3 2 68021900000000.0 0 ;1 1 5 1.3258704444632321e-20 1 ;0 3 4 1.6634463475259255e-19 1 ;0 2 5 8.712756894475793e-21 1 ;
1 1 5 ;1 1 4 2.4380239004194267e-23 2 ;1 0 5 5.1359397777598135e-23 2 ;0 1 5 8.677245036095749e-21 2 ;2 1 4 0.07844502120487676 0 ;2 0 5 0.49344773258696983 0 ;1 2 4 0.01233751108581383 0 ;2 1 3 305432000000.0 0 ;2 0 4 3767490000000.0 0 ;1 2 3 13620200000000.0 0 ;1 0 6 4.8423381327827456e-20 1 ;0 2 5 2.5593095319057036e-19 1 ;0 1 6 9.64074604247979e-21 1 ;
1 0 6 ;1 0 5 4.6322572906915567e-23 2 ;0 0 6 8.654281148793458e-21 2 ;2 0 5 0.08809384084301075 0 ;1 1 5 0.0336503416465218 0 ;2 0 4 631474000000.0 0 ;1 1 4 855812000000000.0 0 ;0 1 6 2.5134826164314795e-19 1 ;0 0 7 7.352392566077207e-21 1 ;
0 7 0 ;0 6 0 6.719559631447696e-22 2 ;1 6 0 5.56461938617112 0 ;1 5 0 1052290000000000.0 0 ;0 6 1 5.28352527533022e-18 1 ;
0 6 1 ;0 6 0 3.9514906129083953e-25 2 ;0 5 1 3.0564451830459794e-22 2 ;1 6 0 0.02526319059863929 0 ;1 5 1 4.763919642238725 0 ;0 7 0 0.0018359780628466106 0 ;1 5 0 26093600000000.0 0 ;1 4 1 272211000000000.0 0 ;0 5 2 2.123223431620527e-18 1 ;
0 5 2 ;0 5 1 1.793100386687153e-24 2 ;0 4 2 2.5587504591123746e-22 2 ;1 5 1 0.04930620494382411 0 ;1 4 2 4.652150658791959 0 ;0 6 1 0.007458885607900276 0 ;1 5 0 276436000000.0 0 ;1 4 1 15435100000000.0 0 ;1 3 2 259979000000000.0 0 ;0 6 0 228290000000000.0 0 ;0 4 3 6.22133952552072e-19 1 ;
0 4 3 ;0 4 2 5.317268174869594e-24 2 ;0 3 3 2.05513554176963e-22 2 ;1 3 3 3.219830921151707 0 ;1 4 2 0.0836113054879938 0 ;0 5 2 0.010744105042948328 0 ;1 4 1 275453000000.0 0 ;1 3 2 26013500000000.0 0 ;1 2 3 212446000000000.0 0 ;0 5 1 86150300000000.0 0 ;0 3 4 2.249100190448825e-19 1 ;
0 3 4 ;0 3 3 1.269829923065574e-23 2 ;0 2 4 1.5467205097342449e-22 2 ;1 3 3 0.09554269337009184 0 ;1 2 4 2.4492896012317855 0 ;0 4 3 0.014040136166072926 0 ;1 3 2 720586000000.0 0 ;1 2 3 34794900000000.0 0 ;1 1 4 190538000000000.0 0 ;0 4 2 104652000000000.0 0 ;0 2 5 8.832024681689429e-20 1 ;
0 2 5 ;0 2 4 2.6395027548834085e-23 2 ;0 1 5 1.0342701928895938e-22 2 ;1 2 4 0.11840946105893392 0 ;1 1 5 1.7906302431758672 0 ;0 3 4 0.017369182831381193 0 ;1 2 3 1496530000000.0 0 ;1 1 4 50752800000000.0 0 ;1 0 5 63874700000000.0 0 ;0 3 3 112691000000000.0 0 ;0 1 6 3.392511183275868e-20 1 ;
0 1 6 ;0 1 5 4.971795077096348e-23 2 ;0 0 6 6.400526344919406e-23 2 ;1 1 5 0.15064209117520133 0 ;1 0 6 0.8511981137812794 0 ;0 2 5 0.020740521943039037 0 ;1 1 4 3529410000000.0 0 ;1 0 5 30355300000000.0 0 ;0 2 4 99095500000000.0 0 ;0 0 7 1.0439866134346886e-20 1 ;
0 0 7 ;0 0 6 8.694117049428165e-23 2 ;1 0 6 0.16491195858959748 0 ;0 1 6 0.024159252134703324 0 ;1 0 5 4720440000000.0 0 ;0 1 5 227900000000000.0 0 ;
2 6 0 ;2 5 0 2.2420679980788112e-22 2 ;1 6 0 1.7443307710236153e-20 2 ;2 5 1 4.528735950283045e-18 1 ;1 7 0 1.8507358853689094e-19 1 ;1 6 1 2.4624015096201088e-20 1 ;
2 5 1 ;2 5 0 3.80146962826623e-26 2 ;2 4 1 1.8789557499936034e-22 2 ;1 5 1 1.7434975307686413e-20 2 ;2 6 0 0.00045861692047091814 0 ;2 4 2 3.4573992682198332e-18 1 ;1 6 1 2.8005782282841355e-19 1 ;1 5 2 1.5449325249884734e-20 1 ;
2 4 2 ;2 4 1 2.919257329822326e-25 2 ;2 3 2 1.511392515056073e-22 2 ;1 4 2 1.7343564879495284e-20 2 ;2 5 1 0.007093083985845921 0 ;2 5 0 268504000000000.0 0 ;2 3 3 6.076177763959438e-19 1 ;1 5 2 2.9005374513686564e-19 1 ;1 4 3 1.3386878439583362e-20 1 ;
2 3 3 ;2 3 2 1.2102548349215015e-24 2 ;2 2 3 1.1334053673239245e-22 2 ;1 3 3 1.7408465913997e-20 2 ;2 4 2 0.008730776908468511 0 ;2 4 1 93571000000000.0 0 ;2 2 4 3.346554680122926e-19 1 ;1 3 4 1.2083462005632693e-20 1 ;1 4 3 2.251939338682575e-19 1 ;
2 2 4 ;2 2 3 3.6450242012620815e-24 2 ;2 1 4 7.6098276195577e-23 2 ;1 2 4 1.7373283985623497e-20 2 ;2 3 3 0.010098653949851856 0 ;2 3 2 355813000000000.0 0 ;2 1 5 5.2150205160801914e-20 1 ;1 3 4 4.0029633956263354e-19 1 ;1 2 5 9.824324660432187e-21 1 ;
2 1 5 ;2 1 4 8.979527383764405e-24 2 ;2 0 5 3.830532843747179e-23 2 ;1 1 5 1.729256057115429e-20 2 ;2 2 4 0.009617235003146485 0 ;2 2 3 111072000000000.0 0 ;2 0 6 9.904692582634026e-21 1 ;1 2 5 5.249066733489062e-19 1 ;1 1 6 7.980574729016032e-21 1 ;
2 0 6 ;2 0 5 1.925380879248556e-23 2 ;1 0 6 1.7313618185760135e-20 2 ;2 1 5 0.01121409363542775 0 ;2 1 4 95248100000000.0 0 ;1 1 6 4.281247045326108e-19 1 ;1 0 7 7.267618662798927e-21 1 ;
1 7 0 ;1 6 0 3.242700369616323e-22 2 ;0 7 0 8.693052080565053e-21 2 ;2 6 0 3.8641485893403194 0 ;2 5 0 275324000000000.0 0 ;1 6 1 5.28352527533022e-18 1 ;0 8 0 2.2181876387253382e-20 1 ;0 7 1 5.962717860892023e-21 1 ;
1 6 1 ;1 6 0 4.880283067727814e-26 2 ;1 5 1 2.254159899492951e-22 2 ;0 6 1 8.68595316305274e-21 2 ;2 6 0 0.008400096268760565 0 ;2 5 1 3.321841062046884 0 ;1 7 0 0.00021207789217854908 0 ;2 5 0 6281890000000.0 0 ;2 4 1 53986700000000.0 0 ;1 5 2 5.086740494846562e-20 1 ;0 7 1 4.457886832118012e-20 1 ;0 6 2 5.2542738020339476e-21 1 ;
1 5 2 ;1 4 2 1.903335322815747e-22 2 ;0 5 2 8.708218674583124e-21 2 ;2 5 1 0.01465907689442807 0 ;2 4 2 2.7131202244823998 0 ;1 6 1 0.0009798396463753603 0 ;2 5 0 48389100000.0 0 ;2 4 1 2621360000000.0 0 ;2 3 2 28719400000000.0 0 ;1 6 0 290774000000000.0 0 ;1 4 3 1.2192551269717864e-19 1 ;0 6 2 9.449168330541017e-20 1 ;0 5 3 6.371531645155908e-21 1 ;
1 3 4 ;1 3 3 4.102861560817475e-24 2 ;1 2 4 1.1467754871981395e-22 2 ;0 3 4 8.666027643789539e-21 2 ;2 3 3 0.023548960540867612 0 ;2 2 4 1.2863726804654243 0 ;2 3 2 90392000000.0 0 ;2 2 3 5718680000000.0 0 ;2 1 4 22331700000000.0 0 ;1 2 5 3.3517735293658775e-20 1 ;0 4 4 1.1589049669225953e-19 1 ;0 3 5 3.648329041765011e-21 1 ;
1 4 3 ;1 4 2 1.3974994043885361e-24 2 ;0 4 3 8.711294138308988e-21 2 ;2 4 2 0.02280721997008427 0 ;2 3 3 1.4523287954665747 0 ;1 5 2 0.0028438722307576863 0 ;2 4 1 19876900000.0 0 ;2 3 2 2955600000000.0 0 ;2 2 3 37747300000000.0 0 ;1 5 1 578844000000.0 0 ;0 5 3 1.4397897947551968e-19 1 ;0 4 4 6.249530735991109e-21 1 ;
1 2 5 ;1 2 4 9.925955365678693e-24 2 ;1 1 5 7.739089812097328e-23 2 ;0 2 5 8.663002082502637e-21 2 ;2 2 4 0.029125042499446745 0 ;2 1 5 1.0212545039323844 0 ;1 3 4 0.005730431411278186 0 ;2 2 3 164134000000.0 0 ;2 1 4 5431390000000.0 0 ;2 0 5 6875740000000.0 0 ;1 3 3 39759100000000.0 0 ;1 1 6 3.702732305430812e-21 1 ;0 3 5 1.4524304837793206e-19 1 ;0 2 6 3.3004332471970676e-21 1 ;
1 1 6 ;1 1 5 2.1002279143845677e-23 2 ;1 0 6 3.812908246551233e-23 2 ;0 1 6 8.68405622564164e-21 2 ;2 1 5 0.038285043087874296 0 ;2 0 6 0.4293350358424831 0 ;1 2 5 0.004516739628429042 0 ;2 1 4 209410000000.0 0 ;2 0 5 3167330000000.0 0 ;1 2 4 7019650000000.0 0 ;1 0 7 1.3448373683484506e-20 1 ;0 2 6 2.2431744993219527e-19 1 ;0 1 7 3.636807519057095e-21 1 ;
1 0 7 ;1 0 6 4.026596773973671e-23 2 ;0 0 7 8.661875935571899e-21 2 ;2 0 6 0.04183497168816962 0 ;1 1 6 0.011978742361869637 0 ;2 0 5 415729000000.0 0 ;1 1 5 448458000000000.0 0 ;0 1 7 2.2004341267408515e-19 1 ;0 0 8 2.748660691910124e-21 1 ;
0 8 0 ;0 7 0 5.935063564560659e-22 2 ;1 7 0 5.5216800196462135 0 ;1 6 0 1095820000000000.0 0 ;0 7 1 6.0383146003773944e-18 1 ;
0 7 1 ;0 7 0 6.17798015715156e-26 2 ;0 6 1 2.631116500730633e-22 2 ;1 7 0 0.010538465563218545 0 ;1 6 1 4.839301150209959 0 ;0 8 0 8.094191031983786e-05 0 ;1 6 0 21935700000000.0 0 ;1 5 1 187304000000000.0 0 ;0 6 2 3.757347621661789e-18 1 ;
0 6 2 ;0 6 1 4.178754281517329e-25 2 ;0 5 2 2.268040305685503e-22 2 ;1 6 1 0.02059542072503337 0 ;1 5 2 4.654685392593476 0 ;0 7 1 0.0026016119871059033 0 ;1 6 0 146642000000.0 0 ;1 5 1 8434820000000.0 0 ;1 4 2 370731000000000.0 0 ;0 7 0 238216000000000.0 0 ;0 5 3 6.352753212439735e-19 1 ;
0 5 3 ;0 5 2 1.6059191934228914e-24 2 ;0 4 3 1.8992787287467727e-22 2 ;1 5 2 0.03361622566453133 0 ;1 4 3 4.055413631975409 0 ;0 6 2 0.0034770490393190743 0 ;1 5 1 91360200000.0 0 ;1 3 3 191181000000000.0 0 ;1 4 2 28573200000000.0 0 ;0 6 1 62176400000000.0 0 ;0 4 4 1.8093031702730624e-19 1 ;
0 4 4 ;0 4 3 4.603091609231516e-24 2 ;0 3 4 1.5259266824912797e-22 2 ;1 3 4 2.801580719049356 0 ;1 4 3 0.04550200658609366 0 ;0 5 3 0.00441577482158891 0 ;1 3 3 23448700000000.0 0 ;1 4 2 438561000000.0 0 ;1 2 4 160258000000000.0 0 ;0 5 2 62203000000000.0 0 ;0 3 5 6.423095760587958e-20 1 ;
0 3 5 ;0 3 4 1.0949260997958237e-23 2 ;0 2 5 1.1486534745944552e-22 2 ;1 3 4 0.0486419808248327 0 ;1 2 5 2.131840196672118 0 ;0 4 4 0.005385153648109211 0 ;1 3 3 544488000000.0 0 ;1 2 4 30335700000000.0 0 ;1 1 5 147880000000000.0 0 ;0 4 3 62877900000000.0 0 ;0 2 6 2.487305905330265e-20 1 ;
0 2 6 ;0 2 5 2.2868423574096879e-23 2 ;0 1 6 7.681539671771233e-23 2 ;1 2 5 0.05786471508894277 0 ;1 1 6 1.5605165007782889 0 ;0 3 5 0.006376686097573446 0 ;1 2 4 1041860000000.0 0 ;1 1 5 44049900000000.0 0 ;1 0 6 50047600000000.0 0 ;0 3 4 61073600000000.0 0 ;0 1 7 9.43841255320735e-21 1 ;
0 1 7 ;0 1 6 4.341095527283762e-23 2 ;0 0 7 4.8082473177254895e-23 2 ;1 1 6 0.0716137050332582 0 ;1 0 7 0.741520295674523 0 ;0 2 6 0.007387517416822625 0 ;1 1 5 2351560000000.0 0 ;1 0 6 25934600000000.0 0 ;0 2 5 50289800000000.0 0 ;0 0 8 2.8708383115459015e-21 1 ;
0 0 8 ;0 0 7 7.65658040394658e-23 2 ;1 0 7 0.07674562002011684 0 ;0 1 7 0.008416386667409697 0 ;1 0 6 3020740000000.0 0 ;0 1 6 110528000000000.0 0 ;
0 0 0 ; 0 0 1  0.000 0; 
